10000	61900	0	0	10512	0	0	0	0	0	1010	0	
0	0	0	1332	0	0	530	0	0	0	0	0	
0	0	125	0	0	0	0	0	0	76	0	54123	
-----------------------------------------------------
0	0	0	0	0	0	100	0	0	0	0	0	
0	0	0	0	0	4012	0	210	999	0	0	0	
0	0	0	0	1001	0	0	0	0	0	0	0	
-----------------------------------------------------
0	0	0	0	0	0	0	1000	320	0	0	0	
0	0	0	0	0	0	0	0	345	980	0	0	
0	0	0	100	0	0	0	0	0	0	61900	992	
-----------------------------------------------------
444	0	0	1	0	0	0	0	0	0	0	0	
0	0	1987	0	0	0	0	0	0	0	0	1235	
0	1212	0	0	0	234	1235	0	0	900	0	0	
-----------------------------------------------------
El promedio de todas las ventas es: 1519
El valor de la mayor venta es: 61900
El/Los mes/es con mayor venta son/es: 1 10
