Mes	Vendedor	Región			
		0	1	2	3
0	0	10000	0	0	444
	1	0	0	0	0
	2	0	0	0	0
---------------------------------------------------------
1	0	10500	0	0	0
	1	0	0	0	0
	2	0	0	0	1212
---------------------------------------------------------
2	0	0	0	0	0
	1	0	0	0	754
	2	125	0	0	0
---------------------------------------------------------
3	0	0	0	0	1
	1	1332	0	0	0
	2	0	0	0	0
---------------------------------------------------------
4	0	0	0	0	0
	1	0	0	0	0
	2	0	1001	0	0
---------------------------------------------------------
5	0	0	0	0	0
	1	0	3235	0	0
	2	0	0	0	234
---------------------------------------------------------
6	0	0	100	0	0
	1	530	0	0	0
	2	0	0	0	0
---------------------------------------------------------
7	0	0	0	0	0
	1	0	210	0	0
	2	0	0	0	0
---------------------------------------------------------
8	0	0	0	320	0
	1	0	0	345	0
	2	0	0	0	0
---------------------------------------------------------
9	0	0	0	0	0
	1	0	0	980	0
	2	0	0	0	900
---------------------------------------------------------
10	0	0	0	0	0
	1	0	0	0	0
	2	0	0	13533	0
---------------------------------------------------------
11	0	0	0	0	0
	1	0	0	0	0
	2	54123	0	992	0
---------------------------------------------------------
