10000   0   0
10500   1   0 
0       2   0
1       3   0
0       4   0
0       5   0
100     6   0
0       7   0
320     8   0
0       9   0
0      10   0
0      11   0


0      0   1
0      1   1 
754    2   1
1332   3   1
0      4   1
3235   5   1
530    6   1
210    7   1
345    8   1
980    9   1
0     10   1
0     11   1
----------------
0      0   2
1212   1   2 
0      2   2
0      3   2
1001   4   2
234    5   2
0      6   2
0      7   2
0      8   2
900    9   2
13533  10  2
55115  11  2
